Threshold value is: 0.5879409909248352
Accuracy: 0.6337241764377443
f1-score: 0.6177156177156177